Linux 5.10.240-238.959.amzn2.x86_64 (ip-10-0-143-81.ec2.internal) 	08/14/25 	_x86_64_	(2 CPU)

03:23:54    kbmemfree kbmemused  %memused kbbuffers  kbcached  kbcommit   %commit  kbactive   kbinact   kbdirty
03:23:55      2720088   1223212     31.02      2088    962956    413968     10.50    181364    943004    280148
03:23:56      2681496   1261804     32.00      2088    962988    407280     10.33    189104    974312    280188
03:23:57      2600800   1342500     34.05      2088    962988    481768     12.22    189168   1048868    171396
03:23:58      2586704   1356596     34.40      2088    962988    496152     12.58    189164   1063140     30480
03:23:59      2586200   1357100     34.42      2088    962988    497688     12.62    189164   1064540     30480
03:24:00      2584940   1358360     34.45      2088    962988    498712     12.65    189164   1065788     30480
03:24:01      2805948   1137352     28.84      2088    962924    290448      7.37    189732    843652     30720
03:24:02      2805948   1137352     28.84      2088    962924    290448      7.37    189732    843652     30720
03:24:03      2805948   1137352     28.84      2088    962924    290448      7.37    189732    843652     30756
03:24:04      2805948   1137352     28.84      2088    962924    290448      7.37    189732    843652     30756
03:24:05      2805948   1137352     28.84      2088    962924    290448      7.37    189732    843652     30756
03:24:06      2829444   1113856     28.25      2088    963024    283096      7.18    190032    820252     30956
03:24:07      2829940   1113360     28.23      2088    963120    283176      7.18    190052    820240     31004
03:24:08      2830444   1112856     28.22      2088    963120    283180      7.18    190052    820288     31004
03:24:09      2781852   1161448     29.45      2088    963272    348328      8.83    190260    867564     31156
