Linux 5.10.240-238.959.amzn2.x86_64 (ip-10-0-180-190.ec2.internal) 	08/14/25 	_x86_64_	(2 CPU)

03:23:54    kbmemfree kbmemused  %memused kbbuffers  kbcached  kbcommit   %commit  kbactive   kbinact   kbdirty
03:23:55      2728996   1214304     30.79      2088    963276    381652      9.68    180244    935440    280168
03:23:56      2680448   1262852     32.03      2088    963312    406904     10.32    188960    975464    280200
03:23:57      2611084   1332216     33.78      2088    963312    472992     11.99    189056   1041412    183600
03:23:58      2584084   1359216     34.47      2088    963312    495276     12.56    189056   1064076     30456
03:23:59      2585264   1358036     34.44      2088    963312    496812     12.60    189056   1065304     30476
03:24:00      2583752   1359548     34.48      2088    963312    498092     12.63    189056   1066624     30476
03:24:01      2581988   1361312     34.52      2088    963312    498860     12.65    189060   1067380     30476
03:24:02      2805288   1138012     28.86      2088    963244    290064      7.36    189532    844884     30716
03:24:03      2805288   1138012     28.86      2088    963244    290064      7.36    189532    844884     30716
03:24:04      2805288   1138012     28.86      2088    963244    290064      7.36    189532    844884     30752
03:24:05      2805288   1138012     28.86      2088    963244    290064      7.36    189532    844884     30752
03:24:06      2828588   1114712     28.27      2088    963440    282744      7.17    189844    821376     31000
03:24:07      2829028   1114272     28.26      2088    963440    282824      7.17    189844    821440     31000
03:24:08      2828388   1114912     28.27      2088    963444    300000      7.61    189844    822312     31004
03:24:09      2736096   1207204     30.61      2088    963608    420532     10.66    190660    913260     31168
