Linux 5.10.240-238.959.amzn2.x86_64 (ip-10-0-130-28.ec2.internal) 	08/14/25 	_x86_64_	(2 CPU)

03:23:55    kbmemfree kbmemused  %memused kbbuffers  kbcached  kbcommit   %commit  kbactive   kbinact   kbdirty
03:23:56      2767352   1175948     29.82      2088    963168    334128      8.47    181512    896128    280148
03:23:57      2679680   1263620     32.04      2088    963236    415128     10.53    189044    975692    280216
03:23:58      2611572   1331728     33.77      2088    963236    478080     12.12    189104   1038544     65688
03:23:59      2586056   1357244     34.42      2088    963236    503500     12.77    189104   1064176     30456
03:24:00      2585804   1357496     34.43      2088    963236    505036     12.81    189104   1065540     30476
03:24:01      2585300   1358000     34.44      2088    963236    505804     12.83    189104   1066284     30476
03:24:02      2584624   1358676     34.46      2088    963232    522000     13.24    189108   1066344     30480
03:24:03      2584624   1358676     34.46      2088    963232    522512     13.25    189108   1066800     30480
03:24:04      2584624   1358676     34.46      2088    963232    522768     13.26    189108   1067092     30480
03:24:05      2805372   1137928     28.86      2088    963228    298796      7.58    189400    845444     30596
03:24:06      2805536   1137764     28.85      2088    963172    298300      7.56    189596    845076     30756
03:24:07      2829340   1113960     28.25      2088    963368    290988      7.38    189928    821568     31000
03:24:08      2828268   1115032     28.28      2088    963368    303984      7.71    189928    822300     31000
03:24:09      2749732   1193568     30.27      2088    963536    453996     11.51    190800    899740     31172
