Linux 5.10.240-238.959.amzn2.x86_64 (ip-10-0-134-92.ec2.internal) 	08/14/25 	_x86_64_	(2 CPU)

03:24:02    kbmemfree kbmemused  %memused kbbuffers  kbcached  kbcommit   %commit  kbactive   kbinact   kbdirty
03:24:03      2742336   1200964     30.46      2088    963076    391324      9.92    189408    913876    280048
03:24:04      2682948   1260352     31.96      2088    963296    426404     10.81    189444    974196    265668
03:24:05      2614312   1328988     33.70      2088    963296    489184     12.41    189448   1036912     28492
03:24:06      2586340   1356960     34.41      2088    963296    516028     13.09    189448   1063928     29912
03:24:07      2585836   1357464     34.42      2088    963296    517820     13.13    189448   1065428     29912
03:24:08      2584576   1358724     34.46      2088    963296    519100     13.16    189448   1066912     29912
03:24:09      2762144   1181156     29.95      2088    963524    372104      9.44    189748    887096     30160
